A=[2 3;0 -1; 4 0];
B=[1 2; 3 4];

A*B

C=[1 3; 2 1;2 3];
C'
